credits_id	student_id	class_id	grade
1	2009003125	8872	B0
2	2009003125	8875	C+
3	2009003125	8878	C0
4	2009003125	8881	A0
5	2009003125	8884	A0
6	2009003125	8903	D0
7	2009003125	88603	C0
8	2009003125	88743	C0
9	2009003125	88871	F
10	2009003125	89191	B0
11	2009003125	89242	B0
12	2010004052	8871	D0
13	2010004052	8872	F
14	2010004052	8875	A+
15	2010004052	8878	B+
16	2010004052	8881	B0
17	2010004052	8884	C+
18	2010004052	8918	C0
19	2010004052	88341	C0
20	2010004052	88373	F
21	2010004052	88401	F
22	2010004052	88472	F
23	2010004052	88511	D0
24	2010004052	89183	D0
25	2010499349	8845	C+
26	2010499349	8848	C0
27	2010499349	8851	A0
28	2010499349	8854	A0
29	2010499349	8857	F
30	2010499349	8860	A+
31	2010499349	8916	B0
32	2010499349	88362	D0
33	2010499349	88423	B0
34	2010499349	89253	C0
35	2011004533	8872	C0
36	2011004533	8875	A0
37	2011004533	8878	A0
38	2011004533	8881	F
39	2011004533	8883	D0
40	2011004533	8884	A+
41	2011004533	8893	F
42	2011004533	88323	F
43	2011004533	88393	A0
44	2011004533	88471	A0
45	2011004533	88483	D0
46	2011004533	88561	D0
47	2011004533	88591	B0
48	2011004533	88783	B0
49	2011004533	89303	A0
50	2011004533	89312	D0
51	2011040404	8836	A0
52	2011040404	8845	F
53	2011040404	8846	A0
54	2011040404	8848	A+
55	2011040404	8851	B+
56	2011040404	8854	B0
57	2011040404	8857	C+
58	2011040404	8860	C0
59	2011040404	8862	B0
60	2011040404	8879	C0
61	2011040404	88341	D0
62	2011040404	88343	A0
63	2011040404	88393	C0
64	2011040404	88401	F
65	2011040404	88831	A0
66	2011040404	89122	F
67	2011040404	89252	C0
68	2011040404	89253	A0
69	2012004003	8832	A+
70	2012004003	8835	B+
71	2012004003	8838	B0
72	2012004003	8877	F
73	2012004003	8924	A0
74	2012004003	8927	A0
75	2012004003	8930	F
76	2012004003	88322	F
77	2012004003	88372	A0
78	2012004003	88392	C0
79	2012004003	88532	B0
80	2012004003	88592	A0
81	2012004003	88751	C0
82	2012004003	88821	A0
83	2012004003	88923	C0
84	2012004003	89282	A0
85	2012004203	8843	A+
86	2012004203	8846	A0
87	2012004203	8849	B+
88	2012004203	8852	B0
89	2012004203	8855	C+
90	2012004203	8858	C0
91	2012030303	8847	C+
92	2012030303	8850	C0
93	2012030303	8853	A0
94	2012030303	8856	A0
95	2012030303	8859	F
96	2012030303	8862	A+
97	2012030303	8871	C0
98	2012030303	8875	F
99	2012030303	88403	B0
100	2012030303	88443	D0
101	2012030303	88503	D0
102	2012030303	88522	F
103	2012030303	88672	C0
104	2012030303	88772	F
105	2012030303	88981	F
106	2012030303	88983	F
107	2012394929	8834	F
108	2012394929	8845	B+
109	2012394929	8848	B0
110	2012394929	8851	C+
111	2012394929	8854	C0
112	2012394929	8857	A0
113	2012394929	8860	A0
114	2012394929	8865	F
115	2012394929	88472	A0
116	2012394929	88493	D0
117	2012394929	88541	F
118	2012394929	88653	F
119	2012394929	88782	B0
120	2012394929	88792	F
121	2012394929	88823	B0
122	2012394929	88931	C0
123	2012394929	89183	A0
124	2013001445	8872	A0
125	2013001445	8875	A0
126	2013001445	8878	F
127	2013001445	8881	A+
128	2013001445	8884	B+
129	2013001445	8918	B0
130	2013001445	88562	C0
131	2013001445	88571	D0
132	2013001445	88713	D0
133	2013001445	88782	C0
134	2013001445	88803	D0
135	2013001445	89302	A0
136	2013004004	8847	A0
137	2013004004	8850	A0
138	2013004004	8853	F
139	2013004004	8856	A+
140	2013004004	8859	B+
141	2013004004	8862	B0
142	2013004004	8910	A0
143	2013004004	8921	F
144	2013004004	88811	B0
145	2013004004	89011	F
146	2013004004	89042	A0
147	2013004004	89243	B0
148	2013004004	89272	A0
149	2013004004	89283	A0
150	2013004394	8832	C0
151	2013004394	8835	A0
152	2013004394	8838	A0
153	2013004394	8852	F
154	2013004394	8880	D0
155	2013004394	8895	A0
156	2013004394	8901	C0
157	2013004394	8924	B+
158	2013004394	8927	B0
159	2013004394	8930	C+
160	2013004394	88431	D0
161	2013004394	88442	D0
162	2013004394	88641	D0
163	2013004394	88722	F
164	2013004394	88781	B0
165	2013004394	88833	F
166	2013004394	88951	B0
167	2013004394	89002	A0
168	2013030128	8832	B0
169	2013030128	8835	C+
170	2013030128	8837	A0
171	2013030128	8838	C0
172	2013030128	8863	C0
173	2013030128	8906	B0
174	2013030128	8924	F
175	2013030128	8927	A+
176	2013030128	8930	B+
177	2013030128	88362	B0
178	2013030128	88582	B0
179	2013030128	88662	C0
180	2013030128	88672	C0
181	2013030128	88732	B0
182	2013030128	88882	D0
183	2013030128	89252	D0
184	2013040051	8847	A0
185	2013040051	8882	B0
186	2013040051	8885	F
187	2013040051	8888	A+
188	2013040051	8891	B+
189	2013040051	8894	B0
190	2013040051	8897	C+
191	2013040051	8900	C0
192	2013040051	8903	A0
193	2013040051	88331	B0
194	2013040051	88431	D0
195	2013040051	89001	C0
196	2013040051	89182	F
197	2013040051	89273	F
198	2014001303	8844	A0
199	2014001303	8909	B0
200	2014001303	8912	B+
201	2014001303	8915	C+
202	2014001303	8918	F
203	2014001303	8921	C0
204	2014001303	88313	A0
205	2014001303	88423	C0
206	2014001303	88451	A0
207	2014001303	88461	D0
208	2014001303	88483	D0
209	2014001303	88501	D0
210	2014001303	88621	F
211	2014001303	88672	C0
212	2014001303	88681	A0
213	2014001303	88733	A0
214	2014001303	88901	F
215	2014002331	8866	D0
216	2014002331	8888	A0
217	2014002331	8891	B0
218	2014002331	8894	A0
219	2014002331	8897	A+
220	2014002331	8900	A+
221	2014002331	8903	A+
222	2014002331	88352	C0
223	2014002331	88471	B0
224	2014002331	88662	D0
225	2014002331	88682	F
226	2014002331	88762	A0
227	2014002331	88893	D0
228	2014005004	8832	A0
229	2014005004	8835	F
230	2014005004	8838	A+
231	2014005004	8861	C0
232	2014005004	8874	F
233	2014005004	8881	B0
234	2014005004	8889	C0
235	2014005004	8924	C+
236	2014005004	8927	C0
237	2014005004	8928	B0
238	2014005004	8930	A0
239	2014005004	88423	D0
240	2014005004	88431	A0
241	2014005004	88533	C0
242	2014005004	88642	F
243	2014005004	88783	C0
244	2014005004	88892	D0
245	2014005004	89071	F
246	2014005004	89072	A0
247	2014005004	89181	C+
248	2014005004	89281	B0
249	2014019493	8880	B+
250	2014019493	8909	A0
251	2014019493	8912	F
252	2014019493	8915	A+
253	2014019493	8918	B+
254	2014019493	8921	B0
255	2014019493	88333	F
256	2014019493	88382	F
257	2014019493	88383	C0
258	2014019493	88483	A0
259	2014019493	88762	C0
260	2014019493	89163	C0
261	2014019493	89182	B0
262	2014040404	8847	B+
263	2014040404	8850	B0
264	2014040404	8853	C+
265	2014040404	8856	C+
266	2014040404	8859	A0
267	2014040404	8862	A0
268	2014040404	8875	C0
269	2014040404	8892	D+
270	2014040404	88351	C0
271	2014040404	88852	F
272	2014040404	88903	D0
273	2014040404	89122	C0
274	2014040404	89242	B0
275	2014040404	89243	B0
276	2014505050	8847	F
277	2014505050	8850	A+
278	2014505050	8853	B+
279	2014505050	8856	B0
280	2014505050	8859	C+
281	2014505050	8862	C0
282	2014505050	8876	B0
283	2014505050	8881	C0
284	2014505050	8912	D0
285	2014505050	88332	B0
286	2014505050	88372	F
287	2014505050	88392	C0
288	2014505050	88462	D0
289	2014505050	88512	D0
290	2014505050	88562	A0
291	2014505050	88691	C0
292	2014505050	88752	C0
293	2014505050	88983	B0
294	2014505050	89013	A0
295	2014505050	89071	D0
296	2014505050	89121	C0
297	2014505050	89311	B0
